# Bias dict. length: 2
# Bias for layer 1; shape (24, 1)
9.700507886015817816e-01
-1.237146428766389583e+00
-1.199851620914911710e+00
1.009108346803279765e+00
-9.565126414056813742e-01
-1.282094699448655506e+00
-1.137410983370964690e+00
1.413913691644013593e+00
-8.026712254163209659e-01
-1.180186660329501702e+00
-1.035773451024010638e+00
-1.051446448578063686e+00
-9.517377138058171759e-01
8.460768875076427609e-01
-1.200745428644859558e+00
9.280753077180592392e-01
-1.259369047615653159e+00
1.181481283873687005e+00
1.019270777481851242e+00
-1.400294830356768161e+00
1.327307551394846463e+00
1.237863193797628769e+00
-5.315174246057317031e-01
1.672038099846868020e+00
# Bias for layer 2; shape (3, 1)
3.378043552743556166e+00
3.411598849087152274e+00
3.115119502931207318e+00
